14
15
16
17
18
19
20
23
24
25
30
31
32
33
34
40
41
42
43
44
46
47
48
59
60
61
62
63
65
66
67
71
72
73
79
81
82
87
88
89
90
91
92
93
94
95
96
97
98
99
100
101
106
107
108
109
110
111
112
113
127
128
131
133
153
154
157
161
172
173
174
175
176
177
178
179
181
182
184
185
186
187
208
210
211
213
214
215
216
219
220
221
223
230
231
233
234
244
245
247
250
251
260
261
262
263
264
265
266
267
268
269
270
271
272
273
274
275
287
288
289
290
291
292
293
294
295
300
301
302
303
306
308
309
312
313
315
316
320
321
322
325
326
327
328
329
330
331
332
333
334
335
336
337
338
339
340
341
342
343
344
345
349
350
351
352
353
354
355
356
357
358
359
360
361
362
363
364
365
386
391
392
418
419
420
422
435
436
441
442
444
445
454
456
461
462
466
467
468
469
470
471
472
479
480
481
482
483
484
487
488
490
491
492
493
495
500
501
502
503
504
505
506
507
508
509
510
511
512
513
514
515
516
517
518
519
520
521
522
523
524
525
526
545
546
548
550
570
571
572
573
574
575
576
584
585
586
587
588
599
600
601
615
616
617
618
619
620
624
625
626
627
632
633
634
635
636
637
639
640
641
642
643
644
645
646
647
648
651
652
653
654
655
656
657
658
659
660
665
666
667
668
669
670
683
695
698
713
714
715
718
723
724
725
726
727
728
730
731
732
733
734
737
738
739
752
753
754
756
757
758
759
760
761
762
763
764
765
766
767
777
778
779
780
781
782
783
784
785
786
793
794
795
796
797
798
799
800
802
803
810
814
818
823
827
832
833
834
835
839
840
841
842
843
844
847
850
859
860
861
863
864
870
871
875
876
877
878
884
885
886
887
888
889
893
894
895
896
897
898
899
900
902
903
904
905
906
907
908
911
912
913
924
931
932
933
936
937
938
939
941
942
944
945
954
955
957