1
2
3
4
5
6
7
8
9
10
11
12
13
21
22
26
27
28
29
35
36
37
38
39
45
49
50
51
52
53
54
55
56
57
58
64
68
69
70
74
75
76
77
78
80
83
84
85
86
102
103
104
105
114
115
116
117
118
119
120
121
122
123
124
125
126
129
130
132
134
135
136
137
138
139
140
141
142
143
144
145
146
147
148
149
150
151
152
155
156
158
159
160
162
163
164
165
166
167
168
169
170
171
180
183
188
189
190
191
192
193
194
195
196
197
198
199
200
201
202
203
204
205
206
207
209
212
217
218
222
224
225
226
227
228
229
232
235
236
237
238
239
240
241
242
243
246
248
249
252
253
254
255
256
257
258
259
276
277
278
279
280
281
282
283
284
285
286
296
297
298
299
304
305
307
310
311
314
317
318
319
323
324
346
347
348
366
367
368
369
370
371
372
373
374
375
376
377
378
379
380
381
382
383
384
385
387
388
389
390
393
394
395
396
397
398
399
400
401
402
403
404
405
406
407
408
409
410
411
412
413
414
415
416
417
421
423
424
425
426
427
428
429
430
431
432
433
434
437
438
439
440
443
446
447
448
449
450
451
452
453
455
457
458
459
460
463
464
465
473
474
475
476
477
478
485
486
489
494
496
497
498
499
527
528
529
530
531
532
533
534
535
536
537
538
539
540
541
542
543
544
547
549
551
552
553
554
555
556
557
558
559
560
561
562
563
564
565
566
567
568
569
577
578
579
580
581
582
583
589
590
591
592
593
594
595
596
597
598
602
603
604
605
606
607
608
609
610
611
612
613
614
621
622
623
628
629
630
631
638
649
650
661
662
663
664
671
672
673
674
675
676
677
678
679
680
681
682
684
685
686
687
688
689
690
691
692
693
694
696
697
699
700
701
702
703
704
705
706
707
708
709
710
711
712
716
717
719
720
721
722
729
735
736
740
741
742
743
744
745
746
747
748
749
750
751
755
768
769
770
771
772
773
774
775
776
787
788
789
790
791
792
801
804
805
806
807
808
809
811
812
813
815
816
817
819
820
821
822
824
825
826
828
829
830
831
836
837
838
845
846
848
849
851
852
853
854
855
856
857
858
862
865
866
867
868
869
872
873
874
879
880
881
882
883
890
891
892
901
909
910
914
915
916
917
918
919
920
921
922
923
925
926
927
928
929
930
934
935
940
943
946
947
948
949
950
951
952
953
956
958